1.000	0.288
2.000	0.288
3.000	0.293
4.000	0.288
5.000	0.293
6.000	0.293
7.000	0.293
8.000	0.293
9.000	0.293
10.000	0.293
11.000	0.293
12.000	0.293
13.000	0.293
14.000	0.293
15.000	0.293
16.000	0.293
17.000	0.293
18.000	0.293
19.000	0.293
20.000	0.298
21.000	0.298
22.000	0.293
23.000	0.293
24.000	0.293
25.000	0.293
26.000	0.293
27.000	0.298
28.000	0.293
29.000	0.293
30.000	0.293
31.000	0.298
32.000	0.293
33.000	0.298
34.000	0.298
35.000	0.298
36.000	0.293
37.000	0.298
38.000	0.293
39.000	0.298
40.000	0.298
41.000	0.293
42.000	0.293
43.000	0.293
44.000	0.293
45.000	0.293
46.000	0.293
47.000	0.293
48.000	0.293
49.000	0.293
50.000	0.293
51.000	0.293
52.000	0.293
53.000	0.298
54.000	0.293
55.000	0.293
56.000	0.293
57.000	0.293
58.000	0.293
59.000	0.293
60.000	0.288
61.000	0.293
62.000	0.293
63.000	0.293
64.000	0.293
65.000	0.293
66.000	0.293
67.000	0.293
68.000	0.293
69.000	0.293
70.000	0.293
71.000	0.293
72.000	0.288
73.000	0.293
74.000	0.293
75.000	0.293
76.000	0.293
77.000	0.293
78.000	0.293
79.000	0.293
80.000	0.293
81.000	0.293
82.000	0.293
83.000	0.293
84.000	0.293
85.000	0.293
86.000	0.288
87.000	0.293
88.000	0.288
89.000	0.293
90.000	0.293
91.000	0.293
92.000	0.293
93.000	0.293
94.000	0.293
95.000	0.293
96.000	0.293
97.000	0.293
98.000	0.293
99.000	0.293
100.000	0.288
101.000	0.293
102.000	0.293
103.000	0.293
104.000	0.288
105.000	0.293
106.000	0.293
107.000	0.293
108.000	0.293
109.000	0.293
110.000	0.293
111.000	0.293
112.000	0.293
113.000	0.293
114.000	0.293
115.000	0.293
116.000	0.293
117.000	0.293
118.000	0.293
119.000	0.298
120.000	0.293
121.000	0.293
122.000	0.298
123.000	0.293
124.000	0.293
125.000	0.293
126.000	0.298
127.000	0.293
128.000	0.293
129.000	0.293
130.000	0.293
131.000	0.293
132.000	0.293
133.000	0.298
134.000	0.293
135.000	0.298
136.000	0.298
137.000	0.298
138.000	0.293
139.000	0.298
140.000	0.298
141.000	0.298
142.000	0.298
143.000	0.298
144.000	0.293
145.000	0.293
146.000	0.293
147.000	0.298
148.000	0.298
149.000	0.298
150.000	0.293
151.000	0.298
152.000	0.293
153.000	0.298
154.000	0.298
155.000	0.298
156.000	0.298
157.000	0.293
158.000	0.293
159.000	0.293
160.000	0.293
161.000	0.298
162.000	0.293
163.000	0.293
164.000	0.293
165.000	0.293
166.000	0.293
167.000	0.293
168.000	0.293
169.000	0.293
170.000	0.293
171.000	0.293
172.000	0.293
173.000	0.288
174.000	0.288
175.000	0.293
176.000	0.288
177.000	0.288
178.000	0.293
179.000	0.298
180.000	0.293
181.000	0.293
182.000	0.293
183.000	0.293
184.000	0.293
185.000	0.293
186.000	0.293
187.000	0.293
188.000	0.293
189.000	0.293
190.000	0.293
191.000	0.293
192.000	0.293
193.000	0.293
194.000	0.293
195.000	0.293
196.000	0.293
197.000	0.293
198.000	0.293
199.000	0.293
200.000	0.293
201.000	0.293
202.000	0.293
203.000	0.293
204.000	0.293
205.000	0.293
206.000	0.293
207.000	0.293
208.000	0.293
209.000	0.293
210.000	0.293
211.000	0.293
212.000	0.293
213.000	0.293
214.000	0.293
215.000	0.293
216.000	0.293
217.000	0.293
218.000	0.293
219.000	0.293
220.000	0.293
221.000	0.298
222.000	0.298
223.000	0.298
224.000	0.293
225.000	0.298
226.000	0.293
227.000	0.298
228.000	0.298
229.000	0.298
230.000	0.298
231.000	0.298
232.000	0.298
233.000	0.298
234.000	0.298
235.000	0.298
236.000	0.298
237.000	0.298
238.000	0.298
239.000	0.298
240.000	0.298
241.000	0.298
242.000	0.298
243.000	0.298
244.000	0.298
245.000	0.298
246.000	0.298
247.000	0.298
248.000	0.298
249.000	0.298
250.000	0.293
251.000	0.298
252.000	0.293
253.000	0.293
254.000	0.293
255.000	0.298
256.000	0.298
257.000	0.298
258.000	0.293
259.000	0.298
260.000	0.298
261.000	0.298
262.000	0.298
263.000	0.298
264.000	0.293
265.000	0.298
266.000	0.293
267.000	0.293
268.000	0.293
269.000	0.298
270.000	0.298
271.000	0.298
272.000	0.293
273.000	0.293
274.000	0.298
275.000	0.293
276.000	0.293
277.000	0.298
278.000	0.293
279.000	0.293
280.000	0.293
281.000	0.293
282.000	0.293
283.000	0.293
284.000	0.298
285.000	0.293
286.000	0.293
287.000	0.293
288.000	0.293
289.000	0.293
290.000	0.293
291.000	0.293
292.000	0.288
293.000	0.293
294.000	0.293
295.000	0.298
296.000	0.293
297.000	0.293
298.000	0.293
299.000	0.293
300.000	0.293
301.000	0.293
302.000	0.293
303.000	0.293
304.000	0.298
305.000	0.293
306.000	0.298
307.000	0.298
308.000	0.298
309.000	0.298
310.000	0.298
311.000	0.293
312.000	0.293
313.000	0.293
314.000	0.298
315.000	0.298
316.000	0.298
317.000	0.293
318.000	0.293
319.000	0.298
320.000	0.293
321.000	0.298
322.000	0.293
323.000	0.298
324.000	0.293
325.000	0.293
326.000	0.293
327.000	0.293
328.000	0.293
329.000	0.293
330.000	0.293
331.000	0.293
332.000	0.293
333.000	0.293
334.000	0.293
335.000	0.298
336.000	0.293
337.000	0.298
338.000	0.293
339.000	0.298
340.000	0.293
341.000	0.298
342.000	0.293
343.000	0.298
344.000	0.298
345.000	0.298
346.000	0.298
347.000	0.303
348.000	0.303
349.000	0.298
350.000	0.298
351.000	0.298
352.000	0.298
353.000	0.303
354.000	0.298
355.000	0.303
356.000	0.298
357.000	0.298
358.000	0.298
359.000	0.298
360.000	0.298
361.000	0.298
362.000	0.298
363.000	0.298
364.000	0.298
365.000	0.298
366.000	0.298
367.000	0.298
368.000	0.298
369.000	0.298
370.000	0.293
371.000	0.293
372.000	0.298
373.000	0.298
374.000	0.293
375.000	0.298
376.000	0.298
377.000	0.298
378.000	0.298
379.000	0.298
380.000	0.298
381.000	0.298
382.000	0.298
383.000	0.298
384.000	0.298
385.000	0.298
386.000	0.298
387.000	0.303
388.000	0.298
389.000	0.303
390.000	0.303
391.000	0.298
392.000	0.298
393.000	0.298
394.000	0.303
395.000	0.298
396.000	0.298
397.000	0.298
398.000	0.298
399.000	0.298
400.000	0.293
401.000	0.298
402.000	0.293
403.000	0.298
404.000	0.293
405.000	0.293
406.000	0.298
407.000	0.298
408.000	0.298
409.000	0.293
410.000	0.293
411.000	0.298
412.000	0.293
413.000	0.293
414.000	0.293
415.000	0.298
416.000	0.293
417.000	0.298
418.000	0.298
419.000	0.298
420.000	0.298
421.000	0.298
422.000	0.303
423.000	0.303
424.000	0.303
425.000	0.303
426.000	0.303
427.000	0.303
428.000	0.303
429.000	0.308
430.000	0.308
431.000	0.308
432.000	0.308
433.000	0.308
434.000	0.308
435.000	0.308
436.000	0.308
437.000	0.308
438.000	0.303
439.000	0.308
440.000	0.303
441.000	0.303
442.000	0.303
443.000	0.303
444.000	0.303
445.000	0.303
446.000	0.298
447.000	0.303
448.000	0.298
449.000	0.303
450.000	0.303
451.000	0.303
452.000	0.303
453.000	0.303
454.000	0.303
455.000	0.303
456.000	0.303
457.000	0.308
458.000	0.308
459.000	0.308
460.000	0.308
461.000	0.312
462.000	0.312
463.000	0.317
464.000	0.317
465.000	0.317
466.000	0.322
467.000	0.322
468.000	0.327
469.000	0.322
470.000	0.327
471.000	0.327
472.000	0.327
473.000	0.327
474.000	0.327
475.000	0.332
476.000	0.327
477.000	0.327
478.000	0.322
479.000	0.327
480.000	0.327
481.000	0.322
482.000	0.322
483.000	0.322
484.000	0.317
485.000	0.317
486.000	0.317
487.000	0.317
488.000	0.312
489.000	0.317
490.000	0.317
491.000	0.317
492.000	0.317
493.000	0.317
494.000	0.317
495.000	0.322
496.000	0.322
497.000	0.327
498.000	0.327
499.000	0.332
500.000	0.337
501.000	0.337
502.000	0.342
503.000	0.347
504.000	0.352
505.000	0.356
506.000	0.356
507.000	0.366
508.000	0.366
509.000	0.371
510.000	0.376
511.000	0.381
512.000	0.381
513.000	0.386
514.000	0.391
515.000	0.391
516.000	0.391
517.000	0.396
518.000	0.396
519.000	0.400
520.000	0.400
521.000	0.400
522.000	0.400
523.000	0.396
524.000	0.396
525.000	0.396
526.000	0.396
527.000	0.396
528.000	0.396
529.000	0.396
530.000	0.396
531.000	0.396
532.000	0.396
533.000	0.396
534.000	0.400
535.000	0.400
536.000	0.405
537.000	0.410
538.000	0.415
539.000	0.425
540.000	0.430
541.000	0.439
542.000	0.449
543.000	0.454
544.000	0.464
545.000	0.474
546.000	0.488
547.000	0.498
548.000	0.513
549.000	0.522
550.000	0.532
551.000	0.547
552.000	0.562
553.000	0.571
554.000	0.581
555.000	0.596
556.000	0.605
557.000	0.615
558.000	0.625
559.000	0.635
560.000	0.645
561.000	0.649
562.000	0.654
563.000	0.659
564.000	0.664
565.000	0.664
566.000	0.664
567.000	0.669
568.000	0.669
569.000	0.669
570.000	0.669
571.000	0.669
572.000	0.664
573.000	0.659
574.000	0.654
575.000	0.649
576.000	0.649
577.000	0.645
578.000	0.640
579.000	0.635
580.000	0.630
581.000	0.630
582.000	0.620
583.000	0.620
584.000	0.615
585.000	0.615
586.000	0.615
587.000	0.615
588.000	0.615
589.000	0.615
590.000	0.615
591.000	0.620
592.000	0.620
593.000	0.620
594.000	0.625
595.000	0.630
596.000	0.630
597.000	0.635
598.000	0.640
599.000	0.645
600.000	0.645
601.000	0.649
602.000	0.654
603.000	0.654
604.000	0.659
605.000	0.659
606.000	0.659
607.000	0.659
608.000	0.659
609.000	0.659
610.000	0.659
611.000	0.659
612.000	0.659
613.000	0.659
614.000	0.649
615.000	0.649
616.000	0.649
617.000	0.645
618.000	0.640
619.000	0.635
620.000	0.635
621.000	0.630
622.000	0.630
623.000	0.625
624.000	0.625
625.000	0.620
626.000	0.620
627.000	0.620
628.000	0.615
629.000	0.620
630.000	0.620
631.000	0.620
632.000	0.625
633.000	0.625
634.000	0.630
635.000	0.635
636.000	0.640
637.000	0.640
638.000	0.645
639.000	0.649
640.000	0.649
641.000	0.654
642.000	0.659
643.000	0.664
644.000	0.659
645.000	0.664
646.000	0.669
647.000	0.669
648.000	0.669
649.000	0.664
650.000	0.664
651.000	0.659
652.000	0.654
653.000	0.649
654.000	0.645
655.000	0.640
656.000	0.630
657.000	0.625
658.000	0.615
659.000	0.605
660.000	0.591
661.000	0.581
662.000	0.571
663.000	0.562
664.000	0.547
665.000	0.537
666.000	0.522
667.000	0.513
668.000	0.498
669.000	0.488
670.000	0.474
671.000	0.464
672.000	0.454
673.000	0.449
674.000	0.439
675.000	0.435
676.000	0.425
677.000	0.420
678.000	0.415
679.000	0.410
680.000	0.410
681.000	0.400
682.000	0.400
683.000	0.400
684.000	0.400
685.000	0.400
686.000	0.396
687.000	0.400
688.000	0.400
689.000	0.400
690.000	0.400
691.000	0.400
692.000	0.400
693.000	0.400
694.000	0.405
695.000	0.400
696.000	0.400
697.000	0.400
698.000	0.396
699.000	0.396
700.000	0.396
701.000	0.396
702.000	0.386
703.000	0.386
704.000	0.381
705.000	0.376
706.000	0.371
707.000	0.371
708.000	0.366
709.000	0.361
710.000	0.356
711.000	0.352
712.000	0.342
713.000	0.342
714.000	0.337
715.000	0.337
716.000	0.332
717.000	0.327
718.000	0.322
719.000	0.327
720.000	0.322
721.000	0.317
722.000	0.317
723.000	0.317
724.000	0.317
725.000	0.312
726.000	0.312
727.000	0.312
728.000	0.312
729.000	0.312
730.000	0.317
731.000	0.317
732.000	0.317
733.000	0.322
734.000	0.322
735.000	0.322
736.000	0.322
737.000	0.322
738.000	0.322
739.000	0.327
740.000	0.327
741.000	0.322
742.000	0.322
743.000	0.322
744.000	0.322
745.000	0.322
746.000	0.317
747.000	0.322
748.000	0.317
749.000	0.317
750.000	0.317
751.000	0.317
752.000	0.312
753.000	0.312
754.000	0.308
755.000	0.308
756.000	0.308
757.000	0.308
758.000	0.303
759.000	0.303
760.000	0.303
761.000	0.303
762.000	0.303
763.000	0.303
764.000	0.298
765.000	0.303
766.000	0.298
767.000	0.303
768.000	0.303
769.000	0.303
770.000	0.303
771.000	0.303
772.000	0.308
773.000	0.303
774.000	0.303
775.000	0.308
776.000	0.308
777.000	0.308
778.000	0.308
779.000	0.312
780.000	0.308
781.000	0.308
782.000	0.308
783.000	0.308
784.000	0.308
785.000	0.308
786.000	0.308
787.000	0.308
788.000	0.308
789.000	0.308
790.000	0.308
791.000	0.308
792.000	0.303
793.000	0.308
794.000	0.303
795.000	0.303
796.000	0.303
797.000	0.303
798.000	0.298
799.000	0.303
800.000	0.298
801.000	0.298
802.000	0.298
803.000	0.298
804.000	0.298
805.000	0.298
806.000	0.298
807.000	0.298
808.000	0.298
809.000	0.298
810.000	0.298
811.000	0.298
812.000	0.298
813.000	0.298
814.000	0.298
815.000	0.298
816.000	0.298
817.000	0.298
818.000	0.298
819.000	0.303
820.000	0.303
821.000	0.303
822.000	0.303
823.000	0.303
824.000	0.303
825.000	0.303
826.000	0.298
827.000	0.298
828.000	0.298
829.000	0.303
830.000	0.298
831.000	0.298
832.000	0.298
833.000	0.298
834.000	0.293
835.000	0.298
836.000	0.293
837.000	0.298
838.000	0.293
839.000	0.298
840.000	0.298
841.000	0.293
842.000	0.293
843.000	0.293
844.000	0.293
845.000	0.293
846.000	0.293
847.000	0.298
848.000	0.293
849.000	0.298
850.000	0.293
851.000	0.298
852.000	0.293
853.000	0.293
854.000	0.298
855.000	0.298
856.000	0.293
857.000	0.293
858.000	0.298
859.000	0.298
860.000	0.298
861.000	0.298
862.000	0.298
863.000	0.298
864.000	0.298
865.000	0.303
866.000	0.298
867.000	0.298
868.000	0.298
869.000	0.298
870.000	0.298
871.000	0.298
872.000	0.298
873.000	0.298
874.000	0.298
875.000	0.298
876.000	0.298
877.000	0.298
878.000	0.298
879.000	0.298
880.000	0.298
881.000	0.298
882.000	0.298
883.000	0.298
884.000	0.293
885.000	0.298
886.000	0.298
887.000	0.298
888.000	0.298
889.000	0.298
890.000	0.303
891.000	0.298
892.000	0.298
893.000	0.298
894.000	0.298
895.000	0.298
896.000	0.298
897.000	0.303
898.000	0.298
899.000	0.303
900.000	0.298
901.000	0.303
902.000	0.298
903.000	0.298
904.000	0.303
905.000	0.298
906.000	0.298
907.000	0.298
908.000	0.298
909.000	0.298
910.000	0.298
911.000	0.298
912.000	0.298
913.000	0.298
914.000	0.298
915.000	0.298
916.000	0.298
917.000	0.293
918.000	0.293
919.000	0.293
920.000	0.293
921.000	0.293
922.000	0.298
923.000	0.293
924.000	0.293
925.000	0.293
926.000	0.293
927.000	0.293
928.000	0.293
929.000	0.293
930.000	0.293
931.000	0.293
932.000	0.293
933.000	0.298
934.000	0.293
935.000	0.293
936.000	0.293
937.000	0.298
938.000	0.293
939.000	0.293
940.000	0.298
941.000	0.298
942.000	0.298
943.000	0.298
944.000	0.293
945.000	0.293
946.000	0.298
947.000	0.298
948.000	0.293
949.000	0.293
950.000	0.298
951.000	0.293
952.000	0.298
953.000	0.293
954.000	0.298
955.000	0.293
956.000	0.293
957.000	0.298
958.000	0.293
959.000	0.293
960.000	0.293
961.000	0.293
962.000	0.293
963.000	0.293
964.000	0.293
965.000	0.293
966.000	0.293
967.000	0.293
968.000	0.293
969.000	0.293
970.000	0.293
971.000	0.298
972.000	0.293
973.000	0.298
974.000	0.298
975.000	0.293
976.000	0.298
977.000	0.298
978.000	0.298
979.000	0.293
980.000	0.293
981.000	0.298
982.000	0.298
983.000	0.298
984.000	0.298
985.000	0.298
986.000	0.298
987.000	0.298
988.000	0.298
989.000	0.298
990.000	0.298
991.000	0.298
992.000	0.298
993.000	0.298
994.000	0.298
995.000	0.293
996.000	0.298
997.000	0.298
998.000	0.298
999.000	0.298
1000.000	0.293
1001.000	0.298
1002.000	0.293
1003.000	0.298
1004.000	0.298
1005.000	0.298
1006.000	0.293
1007.000	0.293
1008.000	0.298
1009.000	0.293
1010.000	0.293
1011.000	0.298
1012.000	0.293
1013.000	0.298
1014.000	0.298
1015.000	0.298
1016.000	0.298
1017.000	0.293
1018.000	0.298
1019.000	0.293
1020.000	0.298
1021.000	0.298
1022.000	0.293
1023.000	0.298
